29840,8440,9
29800,8440,9
29760,8440,9
29640,8440,9
29560,8440,9
29400,8400,9
29360,8400,9
29320,8400,9
29680,8440,10
29000,7440,8
29000,7480,8
29000,7720,8
29000,7760,8
29280,7360,0
29240,7360,0
29560,7280,0
29600,7280,0
29640,7360,0
29680,7360,0
28320,7080,0
28280,7080,0
29720,8360,6
29360,8320,6
29000,8080,6
28560,7840,6
27520,7480,6
26720,6840,0
26680,6840,0
26600,6840,0
26640,6840,0
26600,7000,0
26560,7000,0
26520,7000,0
26480,6960,0
26480,7000,0
26440,7000,0
26440,6920,0
26480,6920,0
26520,6920,0
26560,6920,0
26600,6920,0
26400,6840,0
26360,6840,0
26360,6880,0
26360,6920,0
26360,6960,0
26360,7040,0
26360,7000,0
26400,7000,0
25760,7120,0
25720,7120,0
21560,6440,13
21560,6480,13
21560,6560,13
21560,6520,13
22120,6800,0
21720,6840,0
20920,6360,6
20640,6200,6
20440,4080,1
20480,4120,1
20480,4240,1
19960,4080,1
19880,3880,1
19720,3800,1
19680,3800,1
19400,4080,1
19320,4080,1
19720,4440,1
19760,4720,1
19560,4680,1
19440,4640,1
19320,4600,1
19160,4600,1
19120,4560,1
19040,4560,1
19560,4440,1
19600,4240,1
19360,4360,1
19320,4360,1
19120,4280,1
19160,4280,1
19280,4280,1
19280,4320,1
19240,4320,1
19160,4320,1
20280,3800,13
20120,3800,13
18960,4280,6
19040,4400,6
20560,3880,6
19760,4320,6
19400,4280,6
19640,4120,6
19640,3720,6
19920,3760,6
19600,3920,5
19560,4120,5
19880,4240,5
20600,4720,8
19760,4840,8
20120,4600,8
19920,4480,8
19120,3880,8
19320,3960,8
19800,3960,8
19560,4080,8
19800,4240,8
19080,4800,8
19080,4720,8
19080,4640,8
19640,4640,8
19360,4760,8
19360,4520,8
18960,4440,8
19160,4640,1
19160,4480,5
19160,4400,5
19160,4360,5
19160,4240,5
19120,4200,5
19080,4160,5
19280,4120,5
19240,4160,5
19200,4160,5
19160,4120,5
19240,4040,5
19160,4040,5
19080,4000,5
19200,3960,5
19240,3960,5
19160,3960,5
19120,3960,5
19080,3960,5
19040,4000,5
19040,4040,5
19040,4080,5
19040,4120,5
19960,4840,1
20040,4920,1
19560,4240,1
19640,4240,1
19400,4360,1
19600,4440,1
19760,4440,1
19920,4720,1
19800,4720,1
19600,4680,1
19480,4640,1
19360,4600,1
19240,4560,1
19120,4520,1
19040,4520,1
19120,4320,1
19240,4280,1
19280,4080,1
19360,4080,1
19440,4080,1
19480,4080,1
19600,3800,1
19640,3800,1
20600,3760,1
20640,3760,1
20520,3960,1
20560,3960,1
20520,4240,1
20560,4240,1
19920,3880,1
19960,3880,1
19760,4080,1
19800,4080,1
20440,5400,8
20760,5920,6
20680,5920,6
20760,5960,6
20720,6000,6
20680,5960,6
20120,5040,8
20040,5040,8
20280,5040,8
20360,5040,8
20320,5040,8
20080,5040,8
20240,3600,6
20200,3600,6
20160,3600,6
20240,3280,13
20200,3280,13
20160,3280,13
19840,3400,6
19240,3400,6
18840,3400,6
17840,2920,13
17840,2960,13
17840,3000,13
17840,3040,13
16040,2120,13
16040,2080,13
16040,2040,13
16040,2160,13
16040,2200,13
13760,2320,1
13800,2320,1
12320,1400,1
12240,1400,1
12520,1480,1
12040,1480,1
9400,1760,0
9280,1880,0
9200,2040,0
9280,2160,0
9240,2280,0
12920,2160,6
12640,1680,6
11920,1680,6
12480,1680,6
12080,1680,6
9240,1600,6
9240,1520,6
9240,1560,6
9280,1520,13
9280,1560,13
9280,1600,13
9160,1640,1
8720,2840,8
8320,2840,8
8720,2560,6
8320,2560,6
8760,2480,0
8240,3160,6
8800,3160,6
8520,3240,6
7680,5120,16
7720,5120,16
7800,5120,16
6800,5520,16
7040,5520,16
6960,5520,16
6360,5520,16
6160,5520,16
6200,5520,16
5680,5520,16
5640,5520,16
5720,5520,16
5160,5200,16
5440,5200,16
5200,5200,16
6400,5280,5
6000,5320,5
5360,5080,0
5280,5080,0
5240,5160,0
5400,5200,0
5400,5160,0
5400,5120,0
5400,5080,0
5400,5040,0
5360,5040,0
5320,5040,0
5280,5040,0
5240,5040,0
5240,5080,0
5240,5120,0
5240,5200,0
5480,5240,0
5440,5280,0
5400,5320,0
5160,5240,0
5200,5280,0
5240,5320,0
5360,5360,0
5280,5360,0
5440,5240,0
5400,5240,0
5400,5280,0
5240,5240,0
5200,5240,0
5240,5280,0
5360,5320,0
5360,5280,0
5360,5240,0
5360,5200,0
5360,5160,0
5360,5120,0
5280,5120,0
5280,5160,0
5280,5200,0
5280,5240,0
5280,5280,0
5280,5320,0
6400,5520,0
6400,5480,0
6400,5440,0
6400,5400,0
6400,5360,0
6000,5400,0
6000,5440,0
6000,5480,0
6000,5520,0
32960,7320,5
32160,7320,5
32240,7200,5
32960,7640,8
32160,7640,8
32240,7560,8
32760,7360,6
32320,7360,6
31440,6680,15
31440,6640,14
31400,6560,0
31480,6720,0
31440,6720,0
31400,6720,0
31400,6680,0
31400,6640,0
31400,6600,0
31600,7800,16
31520,7800,16
31480,7800,16
31320,7800,16
31280,7800,16
31720,7840,16
31760,7840,16
32320,7480,16
32360,7480,16
32720,7480,16
33200,7840,16
33160,7840,16
33000,7840,16
32920,7840,16
32640,7840,16
32680,7840,16
32760,7840,16
32800,7840,16
32400,7840,16
32360,7840,16
32320,7840,16
32240,7840,16
32200,7840,16
33280,7960,0
33280,7920,0
33320,8040,0
33320,8000,0
33320,7960,0
33320,7880,0
33320,7680,0
33320,7720,0
33320,7760,0
33320,7800,0
33320,7840,0
33320,7920,0
33280,7560,0
33280,7600,0
33280,7640,0
33280,7680,0
33280,7720,0
33280,7760,0
33280,7800,0
33280,7840,0
32840,7440,5
32880,7480,5
32920,7520,5
32960,7560,5
33000,7600,5
33040,7640,5
32800,7640,5
32760,7640,5
32720,7640,5
32680,7640,5
32640,7640,5
32600,7640,5
32840,7600,5
32800,7600,5
32760,7600,5
32720,7600,5
32680,7600,5
32600,7600,5
32640,7600,5
32520,7360,4
32560,7360,4
32560,7320,4
32520,7320,4
32600,7440,13
32640,7440,13
32640,7400,13
32640,7360,13
32640,7320,13
32640,7280,13
32640,7240,13
32600,7240,13
32560,7240,13
32520,7240,13
32480,7240,13
32440,7240,13
32440,7280,13
32440,7320,13
32440,7360,13
32440,7400,13
32440,7440,13
32480,7440,13
32560,7440,0
32520,7440,0
32560,7480,0
32520,7480,0
32560,7800,6
32520,7800,6
32560,7840,6
32520,7840,6
32560,7680,0
32560,7760,0
32560,7720,0
32560,7640,0
32560,7600,0
32800,7560,0
33280,7880,0
33240,7880,0
33200,7880,0
33160,7880,0
33120,7880,0
33080,7880,0
33040,7880,0
33000,7880,0
32960,7880,0
32920,7880,0
32840,7880,0
32880,7880,0
32800,7880,0
32760,7880,0
32680,7880,0
32720,7880,0
32640,7880,0
32600,7880,0
32560,7880,0
33040,7760,0
33000,7720,0
32960,7680,0
32920,7640,0
32880,7600,0
32840,7560,0
32800,7520,0
32760,7560,0
32760,7520,0
32720,7560,0
32720,7520,0
32680,7560,0
32680,7520,0
32640,7560,0
32640,7520,0
32600,7560,0
32600,7520,0
32560,7560,0
32560,7520,0
32280,7440,5
32240,7480,5
32160,7560,5
32200,7520,5
32120,7600,5
32080,7640,5
32320,7640,5
32360,7640,5
32400,7640,5
32440,7640,5
32480,7640,5
32480,7600,5
32440,7600,5
32400,7600,5
32360,7600,5
32320,7600,5
32280,7600,5
32480,7560,0
32440,7560,0
32400,7560,0
32360,7560,0
32320,7560,0
32440,7880,0
32480,7880,0
32520,7880,0
32400,7880,0
32360,7880,0
32320,7880,0
32280,7880,0
32200,7880,0
32240,7880,0
32160,7880,0
32080,7880,0
32120,7880,0
32000,7880,0
32040,7880,0
32520,7760,0
32520,7680,0
32520,7720,0
32520,7640,0
32520,7600,0
32520,7560,0
32520,7520,0
32480,7520,0
32440,7520,0
32400,7520,0
32360,7520,0
32320,7520,0
32280,7560,0
32240,7600,0
32200,7640,0
32160,7680,0
32120,7720,0
32080,7760,0
31960,7880,0
31880,7880,0
31920,7880,0
31800,7880,0
31840,7880,0
31760,7880,0
31720,7880,0
31680,7880,0
31640,7880,0
31640,7840,0
31600,7840,0
31560,7840,0
31520,7840,0
31480,7840,0
31360,7840,0
31440,7840,0
31400,7840,0
31320,7840,0
31280,7840,0
31240,7840,0
31240,7800,0
31200,7800,0
30000,7440,3
31160,7560,11
31200,7640,13
31240,7640,13
31240,7560,13
31240,7600,13
31240,7520,13
31240,7480,13
31160,7480,13
31200,7480,13
31120,7480,13
31080,7480,13
31080,7520,13
31080,7560,13
31080,7600,13
31120,7640,13
31080,7640,13
30960,7520,13
31000,7520,13
31000,7480,13
31000,7440,13
31000,7400,13
31000,7360,13
31000,7320,13
31000,7280,13
30960,7280,13
30920,7280,13
30880,7280,13
30840,7280,13
30840,7320,13
30840,7360,13
30840,7400,13
30840,7440,13
30840,7480,13
30840,7520,13
30880,7520,13
30920,7400,11
31160,7680,0
31160,7640,0
31160,7720,0
31160,7760,0
31160,7800,0
31080,7800,0
31120,7800,0
31040,7800,0
31000,7800,0
30920,7520,0
30920,7560,0
30920,7600,0
30920,7640,0
30960,7800,0
30960,7760,0
30920,7720,0
30960,7720,0
30920,7680,0
30880,7680,0
30840,7680,0
30800,7680,0
30800,7640,0
30720,7640,0
30760,7640,0
30680,7640,0
30640,7640,0
30560,7640,0
30600,7640,0
30520,7640,0
30440,7640,0
30480,7640,0
30440,7600,0
30440,7320,6
29880,6840,5
30200,7280,5
30240,7360,13
30280,7360,13
30280,7320,13
30280,7280,13
30280,7240,13
30280,7200,13
30240,7200,13
30200,7200,13
30160,7200,13
30120,7200,13
30120,7240,13
30120,7280,13
30120,7320,13
30120,7360,13
30160,7360,13
30320,7440,16
30360,7440,16
30080,7440,16
30040,7440,16
29920,7360,16
30440,7560,0
30440,7520,0
30400,7480,0
30440,7480,0
30360,7480,0
30320,7480,0
30280,7480,0
30240,7480,0
30200,7360,0
30200,7400,0
30200,7440,0
30200,7480,0
30160,7480,0
30120,7480,0
30080,7480,0
30040,7480,0
30000,7480,0
29920,8280,6
29920,8040,6
29920,7800,6
29920,7520,6
29680,8120,5
29680,7880,5
29600,7920,5
29640,7560,5
29600,7400,5
30000,7640,0
30000,7680,0
30000,8400,0
29960,8400,0
29920,8400,0
29960,7640,0
30000,8360,0
30000,8160,0
30000,8120,0
30000,7920,0
30000,7880,0
29960,7400,0
29920,7400,0
29960,7680,0
29920,7680,0
29920,7920,0
29960,7920,0
29960,8160,0
29920,8160,0
29760,8240,0
29760,8280,0
29760,8000,0
29760,8040,0
29760,7480,0
29760,7520,0
29760,7760,0
29760,7800,0
29960,7600,0
29960,7560,0
29960,7520,0
29960,7480,0
29960,7440,0
29960,8360,0
29960,8320,0
29960,8280,0
29960,8240,0
29960,8200,0
29960,8120,0
29960,8080,0
29960,8040,0
29960,8000,0
29960,7960,0
29960,7880,0
29960,7840,0
29960,7800,0
29960,7760,0
29960,7720,0
29800,7520,0
29800,7800,0
29800,8040,0
29800,8280,0
29840,8280,11
29840,8040,11
29840,7800,11
29840,7520,11
29440,7120,6
29480,7120,6
29080,7120,6
29040,7120,6
29200,7240,6
29160,7240,6
29360,7240,6
29320,7240,6
29720,7000,9
29920,6760,13
29960,6760,13
29960,6800,13
29960,6920,13
29960,6880,13
29960,6840,13
29920,6920,13
29880,6760,13
29840,6760,13
29800,6760,13
29800,6800,13
29800,6840,13
29800,6880,13
29800,6920,13
29840,6920,13
29720,7040,0
29400,7040,5
29400,6760,5
29080,7000,5
29320,7160,5
29200,7120,5
29240,7080,5
29040,6920,5
29080,6760,5
29080,6840,5
29480,6800,5
29440,6920,5
29280,6960,5
29360,6880,5
29240,6840,5
29160,6800,5
29120,6920,5
29160,6920,5
29480,7160,8
29440,7160,8
29360,7280,8
29320,7280,8
29040,7160,8
29080,7160,8
29160,7280,8
29200,7280,8
29320,7320,0
29360,7320,0
29200,7320,0
29160,7320,0
29440,7200,0
29480,7200,0
29400,7200,0
29400,7160,0
29400,7120,0
29120,7160,0
29120,7200,0
29080,7200,0
29040,7200,0
28920,6960,0
28880,6960,0
28880,6920,0
28880,6880,0
28600,6640,6
28640,6800,16
28600,6800,16
28560,6800,16
28680,6840,0
28640,6840,0
28600,6840,0
28560,6840,0
28520,6840,0
28520,6800,0
28160,7200,9
28200,7200,9
28440,7000,9
28400,7000,9
28360,7000,9
28440,7040,0
28480,7040,0
28400,7040,0
28360,7040,0
28320,7040,0
28320,7000,0
28120,7240,0
28160,7240,0
28200,7240,0
28240,7280,0
28240,7240,0
26880,7400,11
27200,7400,11
27720,7480,11
28480,7640,11
28880,7880,11
26880,7000,16
26920,7000,16
26480,6840,16
26440,6840,16
26520,6840,16
26280,7120,16
26320,7120,16
27240,7080,16
26960,7200,16
27080,7200,16
26760,7240,16
26840,7240,16
26720,7560,16
26920,7560,16
26680,7560,16
28080,7400,16
28000,7400,16
27960,7400,16
27680,7640,16
27640,7640,16
27440,7640,16
27480,7640,16
27240,7600,16
27120,7600,16
28400,7360,7
28720,7600,7
28880,8160,0
28920,8160,16
29160,8280,16
29240,8400,16
29280,8400,16
29440,8400,16
29720,8440,16
29600,8440,16
29520,8440,16
29880,6920,0
29880,6960,0
29880,7000,0
29880,7040,0
29880,7080,0
29880,7120,0
29880,7160,0
29880,7200,0
29880,7240,0
29880,7280,0
29880,7320,0
29880,7360,0
29880,7400,0
29880,7520,0
29880,7680,0
29880,7800,0
29880,8040,0
29880,7920,0
29880,8160,0
29880,8280,0
29880,8400,0
29880,8440,0
29880,8480,0
29320,8120,16
28400,7480,16
28360,7480,16
28680,7720,16
28720,7720,16
29080,7920,16
29040,7920,16
28680,7920,16
28640,7920,16
28520,7920,16
28400,7760,16
28280,7720,16
28200,7680,16
28160,7680,16
28120,7680,16
26440,7120,13
26440,7080,13
29160,8040,0
29160,8000,0
28760,7840,0
28760,7800,0
28480,7520,0
28320,7600,0
28320,7560,0
28120,7520,0
28120,7480,0
27920,7440,0
27880,7440,0
27960,7440,0
29840,8480,0
29800,8480,0
29760,8480,0
29720,8480,0
29680,8480,0
29640,8480,0
29600,8480,0
29560,8480,0
29520,8480,0
29480,8480,0
29400,8160,0
29360,8160,0
29320,8160,0
29280,8160,0
29160,7960,0
29120,7960,0
29000,7960,0
29040,7960,0
29080,7960,0
28760,7760,0
28720,7760,0
28680,7760,0
28640,7760,0
28440,7520,0
28400,7520,0
28360,7520,0
28320,7520,0
28120,7440,0
28080,7440,0
28040,7440,0
28000,7440,0
27280,6840,0
27280,6880,0
27280,6920,0
27280,6960,0
27280,7000,0
27280,7040,0
27280,7080,0
27280,7120,0
27240,7120,0
27200,7160,0
27240,7160,0
27200,7200,0
27160,7240,0
27200,7240,0
27080,7240,0
27120,7240,0
27040,7240,0
27000,7240,0
26960,7240,0
27040,7160,0
27040,7120,0
27040,7080,0
27040,7040,0
27000,7040,0
26920,7040,0
26960,7040,0
26880,7040,0
26840,7040,0
26920,7160,0
26920,7200,0
26920,7240,0
26920,7280,0
26880,7280,0
26840,7280,0
26760,7280,0
26800,7280,0
26720,7240,0
26720,7280,0
26720,7200,0
26720,7120,0
26720,7160,0
26720,7080,0
26800,7040,0
26800,7000,0
26800,6960,0
26800,6920,0
26760,6880,0
26800,6880,0
26720,6880,0
26680,6880,0
26440,6960,0
26520,6960,0
26560,6960,0
26560,6880,0
26520,6880,0
26440,6880,0
26480,6880,0
26400,6880,0
26400,6920,0
26400,6960,0
26400,7040,0
26440,7040,0
26720,6960,0
26680,6960,0
26720,7040,0
26680,7040,0
26520,7040,0
26480,7040,0
26560,7040,0
26640,7000,14
26640,6920,14
26600,6880,0
26600,6960,0
26600,7040,0
26640,7040,0
29440,8440,0
29480,8440,0
29400,8440,0
29320,8440,0
29360,8440,0
29280,8440,0
29240,8440,0
29200,8320,0
29200,8440,0
29200,8400,0
29200,8360,0
29160,8320,0
29120,8280,0
29120,8320,0
29120,8240,0
29120,8200,0
29040,8200,0
29080,8200,0
28920,8200,0
28960,8200,0
29000,8200,0
28880,8200,0
28880,8120,0
28880,8080,0
28840,8040,0
28880,8040,0
28800,8040,0
28800,8000,0
28760,8000,0
28720,8000,0
28680,7960,0
28720,7960,0
28640,7960,0
28600,7960,0
28560,7960,0
28520,7960,0
28480,7960,0
28480,7920,0
28480,7880,0
28480,7840,0
28440,7840,0
28440,7800,0
28400,7800,0
28360,7800,0
28360,7760,0
28320,7760,0
28280,7760,0
28240,7760,0
28240,7720,0
28200,7720,0
28160,7720,0
28120,7720,0
28080,7720,0
28040,7680,0
28080,7680,0
28000,7680,0
27960,7680,0
27920,7680,0
27880,7680,0
27840,7680,0
27800,7680,0
27720,7680,0
27760,7680,0
27680,7680,0
27640,7680,0
27600,7680,0
27560,7680,0
27520,7680,0
27480,7680,0
27440,7680,0
27400,7680,0
27400,7640,0
27360,7640,0
27320,7640,0
27280,7640,0
27240,7640,0
27200,7640,0
27160,7640,0
27120,7640,0
27080,7640,0
27080,7600,0
27000,7600,0
27040,7600,0
26960,7600,0
26920,7600,0
26880,7600,0
26840,7600,0
26800,7600,0
26680,7600,0
26760,7600,0
26720,7600,0
26640,7600,0
26640,7560,0
26640,7520,0
26640,7480,0
26640,7440,0
26640,7400,0
26640,7360,0
26640,7320,0
26640,7280,0
26640,7240,0
26600,7240,0
26640,7200,0
26600,7200,0
26640,7160,0
26600,7160,0
26560,7160,0
26480,7160,0
26520,7160,0
26440,7160,0
26400,7160,0
26360,7160,0
26320,7160,0
26280,7160,0
26240,7160,0
26040,7280,0
26000,7280,0
25920,7080,0
25880,7080,0
24720,6480,12
25400,7160,12
24880,7160,12
24480,7040,7
24680,7040,7
24680,6880,7
25080,6880,7
24880,6880,7
24880,7040,7
25080,7040,7
25280,6840,8
25320,6840,8
25240,6840,8
25360,6840,0
25360,6880,0
25320,6880,0
25200,6840,0
25200,6880,0
25240,6880,0
25280,7000,0
25280,6960,0
25280,6880,0
25280,6920,0
25280,7040,0
25280,7080,0
25280,7120,0
25280,7160,0
25560,7040,8
25520,7040,8
25480,7040,8
25600,7040,0
25600,7080,0
25560,7080,0
25440,7040,0
25440,7080,0
25480,7080,0
25520,7080,0
25520,7160,0
25520,7120,0
25520,7200,0
25480,7200,0
25440,7200,0
25400,7200,0
25360,7200,0
25320,7200,0
25280,7200,0
25240,7200,0
25160,7200,0
25200,7200,0
25120,7200,0
25080,7200,0
25040,7200,0
25000,7200,0
24920,7200,0
24960,7200,0
24880,7200,0
24840,7200,0
24800,7200,0
24760,7200,0
24720,7160,0
24680,7160,0
24760,7160,0
24640,7160,0
24600,7160,0
24560,7160,0
24440,7160,0
24480,7160,0
24520,7160,0
24400,7160,0
24360,7160,0
25080,6560,8
25040,6560,8
25000,6560,8
24840,6360,8
24800,6360,8
24760,6360,8
24960,6720,5
25120,6560,0
25120,6600,0
25080,6600,0
24960,6560,0
25000,6600,0
24960,6600,0
25040,6600,0
25040,6640,0
25040,6720,0
25040,6680,0
25000,6720,0
24920,6720,0
24840,6720,0
24880,6720,0
24800,6720,0
24760,6720,0
24720,6720,0
24680,6720,0
24640,6720,0
24880,6400,0
24880,6360,0
24800,6400,0
24840,6400,0
24720,6360,0
24720,6400,0
24760,6400,0
24800,6440,0
24800,6480,0
24800,6520,0
24760,6520,0
24720,6520,0
24640,6520,0
24680,6520,0
23080,7680,0
23080,7600,0
23080,7560,0
23080,7480,0
23400,7480,0
23400,7520,0
23400,7680,0
23400,7800,0
23400,7720,0
23400,7600,0
24320,7760,0
24280,7840,0
24280,7720,0
24280,7600,0
24280,7560,0
24280,7520,0
24320,7480,0
23800,7800,0
23800,7720,0
23800,7600,0
23800,7640,0
23800,7560,0
23800,7520,0
23800,7480,0
23600,5960,6
24080,6480,6
24480,5960,5
24480,6000,5
24480,6040,5
24520,6200,9
24480,6200,9
24440,6200,9
24360,6880,9
24400,6880,9
24440,6880,9
24480,6880,9
24520,6880,9
24560,6880,9
24560,6920,0
24600,6800,0
24600,6640,0
24600,6720,0
24600,6760,0
24600,6840,0
24600,6880,0
24600,6920,0
24480,6920,0
24520,6920,0
24400,6920,0
24440,6920,0
24360,6920,0
24560,6200,0
24400,6200,0
24600,6680,0
24600,6600,0
24600,6560,0
24600,6520,0
24600,6480,0
24600,6440,0
24600,6400,0
24600,6360,0
24560,6360,0
24480,6360,0
24520,6360,0
24480,6320,0
24560,6240,0
24480,6280,0
24480,6240,0
24520,6240,0
24400,6240,0
24440,6240,0
22200,6680,13
22200,6720,13
22200,6760,13
22800,6680,13
22800,6720,13
22800,6760,13
22520,6680,13
22520,6720,13
22520,6760,13
24320,6480,10
24480,6520,9
24440,6520,9
24400,6520,9
24360,6520,9
24320,6520,9
24280,6520,9
24240,6520,9
24200,6520,9
24160,6520,9
24120,6520,9
24280,7280,0
24280,7200,0
24320,7160,0
24280,7120,0
24320,7000,0
24280,7080,0
24280,7040,0
24320,6960,0
24320,6920,0
24320,6880,0
24280,6880,0
24280,7160,0
24320,7440,0
24280,7240,0
24280,7400,0
24320,7400,0
24320,7360,0
24320,7320,0
24320,7280,0
24320,7200,0
24320,7120,0
24320,7040,0
24280,6960,0
24280,6920,0
24360,6600,0
24240,6600,0
24320,6800,0
24280,6800,0
24280,6840,0
24320,6840,0
24320,6760,0
24280,6760,0
24320,6720,0
24280,6720,0
24320,6680,0
24280,6680,0
24280,6640,0
24320,6640,0
24320,6600,0
24280,6600,0
24520,6520,0
24520,6560,0
24480,6560,0
24440,6560,0
24360,6560,0
24400,6560,0
24320,6560,0
24280,6560,0
24200,6560,0
24240,6560,0
24160,6560,0
24080,6560,0
24120,6560,0
24080,6520,0
23520,5960,16
23560,5960,16
23520,6000,0
23560,6000,0
23600,6000,0
23800,6240,8
23880,6280,8
23840,6280,8
23800,6280,8
23760,6280,8
23720,6280,8
23800,7440,0
23400,7440,0
23800,7400,0
23800,7360,0
23800,7320,0
23800,7280,0
23800,7240,0
23800,7200,0
23800,7160,0
23800,7120,0
23800,7080,0
23800,7040,0
23800,7000,0
23800,6960,0
23800,6920,0
23800,6840,0
23800,6880,0
23800,6760,0
23800,6800,0
23800,6720,0
23800,6680,0
23800,6640,0
23800,6600,0
23800,6520,0
23800,6560,0
23920,6280,0
23880,6320,0
23840,6320,0
23680,6280,0
23720,6320,0
23760,6320,0
23800,6480,0
23800,6440,0
23800,6400,0
23800,6360,0
23800,6320,0
23440,5920,5
23400,5960,5
23360,6000,5
23400,6040,5
23440,6080,5
23400,6120,5
23360,6160,5
23080,6360,5
23080,6440,5
23440,6520,8
23400,6520,8
23360,6520,8
23480,6520,0
23400,7360,0
23400,7400,0
23400,7320,0
23400,7240,0
23400,7280,0
23400,7200,0
23400,7160,0
23400,7120,0
23400,7080,0
23400,7040,0
23400,7000,0
23400,6960,0
23400,6880,0
23400,6920,0
23400,6840,0
23400,6800,0
23400,6760,0
23400,6720,0
23400,6640,0
23400,6680,0
23400,6600,0
23320,6520,0
23360,6560,0
23400,6560,0
23440,6560,0
23080,7280,0
23080,7440,0
23080,7400,0
23080,7360,0
23080,7320,0
23080,7240,0
23080,7160,0
23080,7200,0
23080,7120,0
23080,7080,0
23080,7040,0
23080,7000,0
23080,6960,0
23080,6920,0
23080,6880,0
23160,6800,0
23000,6800,0
23120,6840,0
23080,6840,0
23040,6840,0
23120,6800,8
23080,6800,8
23040,6800,8
21920,6680,5
22160,6600,5
22480,6640,5
22560,6680,5
22760,6640,5
22840,6800,0
22800,6800,0
22760,6800,0
22560,6800,0
22520,6800,0
22480,6800,0
22240,6800,0
22200,6800,0
22160,6800,0
21920,6800,0
21840,6800,0
21880,6800,0
21800,6800,0
21760,6800,0
21720,6800,0
21640,6760,0
21640,6720,0
21720,6680,6
21680,6680,6
21760,6720,0
21760,6680,0
21760,6600,0
21760,6640,0
21760,6560,0
21760,6520,0
21720,6480,0
21720,6520,0
21720,6400,0
21720,6440,0
21560,6600,0
21640,6680,0
21640,6640,0
21600,6600,0
21520,6600,0
21640,6400,0
21680,6400,0
21600,6400,0
21560,6400,0
21520,6400,0
21480,6400,0
21480,6360,0
21440,6360,0
21360,6360,0
21400,6360,0
21320,6360,0
21280,6360,0
21240,6360,0
21200,6360,0
21160,6360,0
21120,6360,0
21280,6440,11
20920,6440,0
20960,6520,0
20960,6560,0
20960,6480,0
21000,6480,9
20760,6160,9
20720,6160,9
20640,5760,13
20600,5760,13
20760,6200,0
20680,6200,0
20720,6200,0
20800,6320,0
20760,6280,0
20720,6280,0
20680,6280,0
20640,6280,0
20600,6280,0
20560,6280,0
20560,6200,0
20560,6240,0
20760,6240,5
20680,6240,5
20720,6240,5
20640,6240,5
20600,6240,5
20600,6160,5
20600,6200,5
20600,6120,5
20840,6320,0
20800,6280,0
20800,6240,0
20800,6200,0
20600,6080,0
20560,6160,0
20560,6120,0
20040,3480,1
20080,3480,1
20000,3440,16
19960,3440,16
19760,3440,16
19720,3440,16
19480,3440,16
19320,3440,16
19400,3440,16
19200,3440,16
19080,3440,16
19120,3440,16
19800,3440,9
19920,3440,9
19880,3440,9
19560,3440,9
19640,3440,9
19680,3440,9
19600,3440,9
19280,3440,9
19360,3440,9
19440,3440,9
19520,3440,9
19160,3440,9
20000,3480,1
19960,3480,1
19880,3480,1
19920,3480,1
19800,3480,1
19840,3480,1
19760,3480,1
19720,3480,1
19680,3480,1
19640,3480,1
19520,3480,1
19600,3480,1
19560,3480,1
19440,3480,1
19480,3480,1
19560,3240,1
19360,3240,1
16960,3000,8
16840,3000,8
16920,3000,8
16880,3000,8
17000,3000,0
17000,3040,0
16800,3000,0
16800,3040,0
16960,3040,0
16920,3040,0
16880,3040,0
16840,3040,0
16880,2720,6
16920,2720,6
16880,2800,5
16920,2760,5
16920,2640,5
16880,2600,5
16880,2520,5
16880,2440,5
16920,2400,5
16880,2280,5
16880,2360,5
16920,2560,5
16920,2480,5
16920,2320,5
16920,2680,13
16880,2680,13
17360,2320,16
17280,2320,16
17120,2320,16
17160,2320,16
17320,2360,1
17360,2360,1
17400,2360,1
17280,2360,1
17240,2360,1
17200,2360,1
17160,2360,1
17120,2360,1
17080,2360,1
17080,2320,1
17080,2280,1
16960,2800,1
16960,2760,1
16960,2720,1
16960,2680,1
16960,2640,1
16960,2560,1
16960,2600,1
16960,2520,1
16960,2480,1
16960,2440,1
16960,2400,1
16840,2800,1
16840,2760,1
16840,2680,1
16840,2720,1
16840,2640,1
16840,2600,1
16840,2560,1
16840,2520,1
16840,2480,1
16840,2440,1
16840,2400,1
16960,2360,1
16960,2320,1
16960,2280,1
16840,2320,1
16840,2360,1
16840,2280,1
14960,2160,16
15040,2320,16
15520,2120,1
15480,2120,1
15360,2040,1
15200,1840,1
15120,1800,1
15080,1880,1
15680,1960,16
15600,2000,16
15640,1960,16
15480,2080,16
15360,1840,16
15160,1800,16
15080,1760,16
15040,1840,16
15320,2000,16
15280,2000,16
15720,1960,1
15680,2000,1
15640,2000,1
15640,2040,1
15600,2040,1
15280,2040,1
15320,2040,1
14040,2080,6
14040,2120,6
14040,2160,6
14040,2240,6
13440,2240,6
13440,2200,6
13440,2160,6
13400,2160,6
13440,2120,6
13400,2080,6
13360,2120,6
13360,2160,6
13360,2200,6
13360,2240,6
14680,2240,5
14640,2240,5
14520,2200,5
14520,2240,5
14480,2240,5
14400,2200,5
14400,2240,5
14400,2120,5
14160,2240,5
14240,2200,5
14200,2160,5
14160,2200,5
14160,2120,5
14160,2080,5
12720,2320,10
12640,2320,10
12280,1200,11
12480,1440,16
12080,1440,16
12480,1480,1
12280,1400,1
12080,1480,1
12080,1720,1
11920,1760,1
11920,1720,1
12360,2080,5
12320,2040,5
12200,2080,5
12240,2040,5
12280,2160,5
12280,2120,5
12280,2080,5
12280,2040,5
12280,2000,5
12400,2320,10
12560,1720,12
12040,1720,12
12640,1720,1
12640,1760,1
12600,1760,1
12560,1760,1
12520,1760,1
12480,1720,1
12480,1760,1
12040,1760,1
11960,1760,1
12080,1760,1
12000,1760,1
16480,2320,10
13640,2320,10
16080,2320,16
16720,2240,16
16680,2320,16
16600,2320,16
16640,2320,16
16360,2320,16
16320,2320,16
16280,2280,16
16200,2320,16
16240,2320,16
16720,2280,1
16720,2320,1
16720,2360,1
16680,2360,1
16640,2360,1
16560,2360,1
16600,2360,1
16520,2360,1
16480,2400,1
16440,2360,1
16480,2360,1
16400,2360,1
16400,2400,1
16360,2360,1
16280,2360,1
16320,2360,1
16280,2320,1
16200,2360,1
16240,2360,1
16120,2360,1
16160,2360,1
16080,2440,1
16080,2400,1
16080,2360,1
16040,2360,1
16040,2240,1
16040,2280,1
16000,2320,1
16040,2320,1
16000,2360,1
15920,2360,1
15960,2360,1
15880,2400,1
15880,2360,1
15720,2360,16
15800,2360,16
15840,2360,16
15440,2120,16
15520,1840,16
15160,2000,16
15200,1960,16
15000,2200,16
14880,2240,16
14800,2360,16
14760,2360,16
14600,2320,16
14560,2320,16
14520,2320,16
14480,2320,16
13520,2360,1
13480,2360,1
13440,2360,1
13400,2360,1
13360,2360,1
13320,2360,1
13280,2360,1
13240,2360,1
13200,2360,1
13160,2360,1
13120,2360,1
13080,2360,1
12960,2360,1
13000,2360,1
13040,2360,1
12920,2360,1
12840,2360,1
12880,2360,1
11200,2320,16
11240,2320,16
12520,2320,16
12240,2320,16
12200,2320,16
11960,2320,16
11880,2320,16
11920,2320,16
12800,2360,1
12760,2360,1
12720,2360,1
12680,2360,1
12640,2360,1
12600,2360,1
12560,2360,1
12480,2360,1
12520,2360,1
12440,2360,1
12360,2360,1
12400,2360,1
12320,2360,1
12280,2360,1
12240,2360,1
12160,2360,1
12200,2360,1
12120,2360,1
12080,2360,1
12040,2360,1
12000,2360,1
11960,2360,1
11920,2360,1
11880,2360,1
11840,2360,1
11800,2360,1
11760,2360,1
11720,2360,1
11640,2360,1
11680,2360,1
11600,2360,1
11560,2360,1
11520,2360,1
11480,2360,1
11400,2360,1
11440,2360,1
11320,2360,1
11360,2360,1
11200,2360,1
11240,2360,1
11280,2360,1
11160,2360,1
11040,2280,1
11080,2280,1
11120,2280,1
11160,2320,1
11160,2280,1
10880,2280,1
10960,2280,1
10920,2280,1
10840,2280,1
10800,2280,1
10000,2280,1
9960,2280,1
9920,2280,1
9880,2280,1
9840,2280,1
7520,2200,6
7280,2120,8
7280,2080,8
7320,2080,8
7320,2120,8
7600,1800,8
7560,1800,8
7600,1840,8
7560,1840,8
7680,2520,8
7680,2480,8
7720,2480,8
7720,2520,8
7520,2440,8
7520,2400,8
7840,2720,8
7840,2680,8
8080,2920,8
8080,2960,8
7480,2400,8
7480,2440,8
7800,2680,8
7800,2720,8
8040,2920,8
8520,2200,13
6720,1920,8
8040,2960,8
9400,2480,0
9440,2480,0
9440,2520,0
9440,2560,0
9400,2560,0
9360,2560,0
9360,2520,0
9360,2480,0
9160,2560,0
9160,2520,0
9160,2480,0
9120,2480,0
9120,2560,0
9080,2560,0
9080,2520,0
9080,2480,0
8480,2480,8
8560,2480,8
8520,2480,0
8520,2520,0
8520,2560,0
8600,2640,0
8440,2640,0
8760,2640,0
8760,2600,0
8280,2640,0
8280,2600,0
8240,2600,0
8800,2600,0
8760,2560,0
8600,2440,0
8600,2400,0
8440,2400,0
8440,2440,0
8600,2560,0
8600,2480,0
8600,2520,0
8440,2480,0
8440,2520,0
8440,2560,0
8840,2480,0
8800,2480,0
8280,2480,0
8240,2480,0
8200,2480,0
8200,2520,0
8760,2520,0
8800,2520,0
8840,2520,0
8800,2560,0
8840,2560,0
8840,2600,0
8280,2520,0
8240,2520,0
8200,2560,0
8200,2600,0
8240,2560,0
8280,2560,0
8720,2800,8
8320,2800,8
8640,2880,0
8400,2880,0
8520,3120,0
8320,2720,5
8320,2680,5
8320,2640,5
8720,2720,5
8720,2680,5
8720,2640,5
8640,2600,5
8400,2680,5
8400,2640,5
8400,2600,5
8600,3160,0
8440,3160,0
8840,4680,0
8840,4640,0
8800,4680,0
8800,4640,0
8760,4640,0
8760,4680,0
8720,4680,0
8720,4640,0
8720,4600,13
8720,4560,13
8720,4520,13
8520,3880,5
8520,3920,5
8520,3960,5
8520,4000,5
8560,4040,9
8520,4040,9
8480,4040,9
8600,4040,0
8600,4080,0
8560,4080,0
8520,4080,0
8480,4080,0
8440,4080,0
8440,4040,0
8520,3840,0
8640,3760,0
8400,3760,0
8440,3800,0
8640,3800,0
8560,3800,0
8600,3800,0
8520,3800,0
8480,3800,0
8400,3800,0
8760,3800,0
8800,3800,0
8840,3800,0
8840,3840,0
8840,3880,0
8840,4000,0
8840,3960,0
8840,3920,0
8840,4040,0
8200,3880,0
8240,3800,0
8280,3800,0
8200,3800,0
8200,3840,0
8200,3920,0
8200,3960,0
8200,4000,0
8200,4040,0
8840,4320,0
8840,4280,0
8840,4200,0
8840,4240,0
8840,4160,0
8840,4120,0
8840,4080,0
8840,4360,0
8800,4480,0
8840,4480,0
8760,4480,0
8720,4480,0
8680,4480,0
8840,4400,0
8840,4440,0
8760,4440,0
8800,4440,0
8720,4440,0
8560,4400,0
8480,4400,0
7680,5000,6
7520,5360,9
7480,5360,0
8440,4440,0
8400,4440,0
8360,4440,0
8320,4440,0
8240,4440,0
8280,4440,0
8200,4080,0
8200,4120,0
8200,4160,0
8200,4240,0
8200,4200,0
8200,4280,0
8200,4320,0
8200,4400,0
8200,4360,0
8200,4440,0
8440,4480,0
8400,4480,0
8360,4480,0
8320,4480,0
8280,4480,0
8240,4480,0
8200,4480,0
8320,4520,13
8320,4560,13
8320,4600,13
8440,4680,0
8400,4680,0
8400,4640,0
7440,5360,9
7400,5360,0
7120,5360,0
7160,5360,9
7080,5360,9
7240,5360,9
7280,5360,9
7320,5360,9
7360,5360,9
7560,5360,9
8320,4680,0
8360,4680,0
8280,4680,0
8240,4680,0
8360,4640,0
8320,4640,0
8280,4640,0
8240,4640,0
8200,4640,0
8200,4680,0
8200,4720,0
8080,5120,8
8160,5160,9
8120,5160,9
8080,5160,0
7840,5160,0
7800,5160,0
7760,5160,0
7720,5160,0
7200,5360,0
7680,5160,0
7640,5160,0
7600,5160,0
8200,4760,0
8200,4800,0
8200,4840,0
8200,4880,0
8200,4920,0
8200,4960,0
8200,5000,0
8200,5040,0
8200,5080,0
8200,5120,0
8200,5160,0
8200,5200,0
8160,5200,0
8120,5200,0
8080,5200,0
8040,5200,0
8000,5200,0
7960,5200,0
7920,5200,0
7880,5200,0
7840,5200,0
7760,5200,0
7800,5200,0
7680,5200,0
7720,5200,0
7640,5200,0
7600,5200,0
7600,5240,0
7600,5280,0
7600,5320,0
7600,5360,0
7600,5400,0
7560,5400,0
7520,5400,0
7480,5400,0
7440,5400,0
7360,5400,0
7320,5400,0
7400,5400,0
7280,5400,0
7240,5400,0
7160,5400,0
7200,5400,0
7120,5400,0
7080,5400,0
7080,5440,0
7080,5480,0
7080,5520,0
7040,5560,0
7080,5560,0
7000,5560,0
6960,5560,0
6920,5560,0
6880,5560,0
6840,5560,0
6760,5560,0
6800,5560,0
6720,5560,0
6640,5560,0
6680,5560,0
6600,5560,0
6560,5560,0
6520,5560,0
6480,5560,0
6440,5560,0
6400,5560,0
6320,5560,0
6360,5560,0
6240,5560,0
6280,5560,0
6160,5560,0
6200,5560,0
6120,5560,0
6080,5560,0
6040,5560,0
6000,5560,0
5960,5560,0
5920,5560,0
5840,5560,0
5800,5560,0
5880,5560,0
5760,5560,0
5720,5560,0
5680,5560,0
5640,5560,0
5600,5560,0
5560,5560,0
5520,5560,0
5480,5560,0
5400,5560,0
5440,5560,0
5360,5560,0
5320,5560,0
5240,5560,0
5280,5560,0
5200,5560,0
8440,4640,0
8480,4640,0
8480,4680,0
8520,4640,0
8520,4680,0
8560,4640,0
8560,4680,0
8600,4640,0
8640,4680,0
8600,4680,0
8480,4480,0
8480,4440,0
8560,4440,0
8560,4480,0
8600,4440,0
8600,4480,0
8640,4440,0
8640,4480,0
8680,4440,0
8640,4640,0
8680,4680,0
8680,4640,0
7440,5160,5
7160,5160,5
8320,4400,10
8720,4400,10
8520,4320,5
8200,3760,0
8200,3720,0
8200,3640,0
8200,3600,0
8200,3680,0
8200,3520,0
8200,3560,0
8200,3480,0
8200,3440,0
8240,3440,0
8280,3440,0
8360,3440,0
8320,3440,0
8400,3440,0
8440,3440,0
8480,3440,0
8560,3440,0
8600,3440,0
8640,3440,0
8720,3440,0
8680,3440,0
8760,3440,0
8840,3440,0
8800,3440,0
8840,3480,0
8840,3520,0
8840,3600,0
8840,3560,0
8840,3640,0
8840,3680,0
8840,3720,0
8840,3760,0
8480,3400,0
8480,3360,0
8480,3320,0
8480,3280,0
8480,3240,0
8560,3240,0
8560,3280,0
8560,3320,0
8560,3360,0
8560,3400,0
8520,3760,8
8520,3720,8
8520,3680,8
8400,3400,3
8680,3400,3
8200,3320,0
8200,3360,0
8200,3400,0
8200,3280,0
8200,3240,0
8200,3200,0
8480,3120,0
8560,3120,0
8840,3400,0
8840,3320,0
8840,3280,0
8840,3200,0
8840,3240,0
8840,3160,0
8840,3120,0
8840,3360,0
8800,3240,0
8800,3200,0
8240,3200,0
8200,3160,0
8200,3080,0
8200,3120,0
8200,3040,0
8840,3080,0
8240,3240,0
8440,3120,0
8600,3120,0
8440,2920,0
8400,2920,0
8600,2920,0
8640,2920,0
8200,3000,0
8200,2960,0
8200,2880,0
8200,2920,0
8200,2840,0
8200,2800,0
8200,2760,0
8440,2880,0
8600,2880,0
8240,2720,0
8240,2680,0
8240,2640,0
8200,2680,0
8200,2640,0
8200,2720,0
8840,3000,0
8840,3040,0
8840,2960,0
8840,2880,0
8840,2920,0
8840,2840,0
8840,2760,0
8840,2720,0
8840,2680,0
8840,2640,0
8800,2640,0
8800,2680,0
8800,2720,0
8840,2800,0
8440,2600,0
8600,2600,0
8480,3080,16
8440,3080,16
8520,3080,16
8560,3080,16
8600,3080,16
8520,3280,13
8400,3120,0
8400,3160,0
8640,3120,0
8640,3160,0
7760,1680,8
7840,1680,8
7800,1680,8
8040,1640,8
8040,1680,8
7760,1720,8
7800,1720,8
7840,1720,8
8080,1640,8
8080,1680,8
8200,1640,0
8200,1680,0
8240,1640,0
8280,1640,0
8360,1640,0
8320,1640,0
8400,1640,0
8440,1640,0
8480,1640,0
8520,1640,0
8560,1640,0
8560,1680,0
8600,1640,0
8680,1640,0
8640,1640,0
8760,1640,0
8720,1640,0
8800,1640,0
8840,1640,0
8920,1640,0
8880,1640,0
8920,1680,0
8240,1600,8
8280,1600,8
8320,1600,8
8440,1600,8
8360,1600,8
8400,1600,8
8480,1600,8
8520,1600,8
8600,1600,8
8680,1600,8
8640,1600,8
8720,1600,8
8760,1600,8
8800,1600,8
8840,1600,8
8880,1600,8
8360,1360,5
8400,1320,5
8480,1240,5
8520,1200,5
8600,1200,5
8640,1240,5
8760,1360,5
8720,1320,5
8720,1400,5
8400,1400,5
8520,1360,5
8560,1400,5
8560,1320,5
8600,1360,5
8200,1600,0
8920,1600,0
8560,1600,0
8360,1160,5
8320,1120,5
8760,1160,5
8800,1120,5
9200,1640,1
9280,1640,1
9240,1640,1
9360,1640,1
9320,1640,1
9520,1880,1
9560,1880,1
9600,1880,1
9640,1880,1
9680,1880,1
9840,2320,1
9920,2320,1
9880,2320,1
10000,2320,1
9960,2320,1
9520,1640,5
9840,1880,5
9840,1920,5
9840,1960,5
9840,2000,5
9520,1680,5
9520,1720,5
9520,1760,5
9200,1520,5
9200,1480,5
9200,1440,5
9200,1400,5
10000,2400,1
10000,2440,1
10000,2360,1
10000,2480,1
10000,2520,1
10000,2560,1
10080,2560,1
10040,2560,1
9960,2360,1
9920,2360,1
9880,2360,1
9920,2400,1
9960,2400,1
9960,2440,1
9960,2480,1
9840,2360,1
9880,2400,1
9920,2440,1
9960,2520,1
9920,2480,1
9880,2440,1
9840,2400,1
10160,2560,1
10120,2560,1
10200,2560,1
10240,2560,1
10280,2560,1
10320,2560,1
10040,2600,1
10120,2600,1
10080,2600,1
10160,2600,1
10200,2600,1
10320,2600,1
10280,2600,1
10240,2600,1
10080,2640,1
10120,2640,1
10160,2640,1
10240,2640,1
10200,2640,1
10280,2640,1
10120,2680,1
10160,2680,1
10200,2680,1
10240,2680,1
10320,2640,1
10280,2680,1
10320,2680,1
10360,2560,1
10360,2600,1
10360,2640,1
10360,2680,1
10400,2560,1
10400,2600,1
10400,2640,1
10440,2560,1
10440,2600,1
10440,2640,1
10400,2680,1
10440,2680,1
10480,2560,1
10480,2600,1
10480,2640,1
10480,2680,1
10560,2560,1
10520,2560,1
10520,2600,1
10520,2680,1
10560,2600,1
10560,2640,1
10520,2640,1
10560,2680,1
10600,2680,1
10600,2640,1
10600,2600,1
10600,2560,1
10640,2560,1
10640,2640,1
10640,2600,1
10640,2680,1
10680,2560,1
10680,2600,1
10680,2640,1
10720,2560,1
10720,2600,1
10720,2640,1
10680,2680,1
10760,2600,1
10760,2560,1
10800,2560,1
10800,2520,1
10800,2480,1
10800,2440,1
10800,2400,1
10800,2360,1
10800,2320,1
10840,2320,1
10880,2320,1
10920,2320,1
10840,2360,1
10840,2400,1
10840,2480,1
10840,2520,1
10840,2440,1
10880,2360,1
10920,2360,1
10960,2320,1
10960,2360,1
10880,2480,1
10920,2440,1
10960,2400,1
10920,2400,1
10880,2400,1
10880,2440,1
10400,2720,1
10400,2760,1
10400,2800,1
10400,2840,1
10400,2920,1
10360,2720,1
10320,2720,1
10360,2760,1
10360,2800,1
10360,2840,1
10360,2880,1
10360,2920,1
10360,2960,1
10400,2960,1
10440,2720,1
10360,3000,1
10360,3040,1
10360,3120,1
10360,3080,1
10360,3160,1
10400,3040,1
10400,3080,1
10400,3120,1
10400,3160,1
10400,3200,1
10400,3240,1
10240,2320,7
10560,2320,7
10400,2320,7
10360,2520,3
10600,2520,10
10400,2120,6
10240,2120,11
10560,2120,11
11760,2160,11
12760,2320,1
12800,2320,1
13160,2400,1
13240,2400,1
13280,2400,1
13200,2400,1
13560,2360,1
13600,2360,1
12800,2200,5
12800,2120,5
12800,2080,5
12800,2040,5
13120,2200,5
13200,2160,5
13200,2200,5
13240,2120,5
13240,2080,5
13160,2240,5
13080,2240,5
13040,2200,5
13040,2160,5
13000,2080,5
13000,2120,5
13640,2360,1
13680,2360,1
13720,2360,1
13760,2360,1
13800,2360,1
13840,2360,1
13880,2360,1
13920,2360,1
13960,2360,1
14040,2360,1
14000,2360,1
13400,2320,16
13440,2320,16
13520,2320,16
13840,2320,16
13920,2320,16
14000,2320,16
12920,2320,16
13000,2320,16
12840,2320,16
13920,1200,0
13920,1160,0
13920,1240,0
14000,1240,0
13960,1120,0
13920,1120,0
14000,1120,0
13960,1200,14
13920,1280,0
13920,1320,0
13920,1360,0
13960,1360,0
14000,1360,0
13960,1320,15
14080,2360,1
14160,2360,1
14120,2360,1
14240,2360,1
14200,2360,1
14280,2360,1
14320,2360,1
14360,2360,1
14200,2320,1
14240,2320,1
14320,2320,1
14440,2360,1
14400,2360,1
14480,2360,1
14520,2360,1
14560,2360,1
14600,2360,1
14640,2360,1
14680,2360,1
14720,2360,1
13960,1280,3
14720,2400,1
14760,2400,1
14800,2400,1
14840,2400,1
14880,2400,1
14920,2360,1
14920,2240,1
14920,2200,1
14920,2160,1
14920,2280,1
14920,2320,1
14960,2400,1
14920,2400,1
15000,2400,1
15040,2400,1
14960,2360,1
14960,2320,1
14960,2280,1
14960,2240,1
14960,2200,1
15000,2280,1
15000,2240,1
15000,2320,1
15000,2360,1
15080,2400,1
15120,2400,1
15160,2400,1
15240,2400,1
15200,2400,1
15320,2400,1
15280,2400,1
15320,2360,1
15360,2360,1
15400,2360,1
15440,2360,1
15480,2360,1
15120,2360,1
15040,2360,1
15080,2320,1
15080,2360,1
14880,2280,1
14880,2320,1
14880,2360,1
14840,2360,1
15600,2360,1
15560,2360,1
15520,2360,1
15640,2360,1
15680,2400,1
15680,2360,1
15720,2400,1
15760,2400,1
15840,2400,1
15800,2400,1
15440,2160,1
15480,2160,1
15200,2000,1
15160,2040,1
15040,1880,1
15160,1840,1
15080,1800,1
15480,1880,1
15480,1920,1
15360,1880,1
15520,1880,1
15720,1840,1
14920,2000,6
15480,1680,5
15360,1640,5
15080,1600,5
15080,1560,5
15360,1680,5
15480,1720,5
15720,1680,5
15720,1640,5
15160,1720,5
15160,1640,5
13560,2080,6
13560,2120,6
13560,2160,6
13600,2160,6
13640,2200,6
13680,2240,6
13560,2200,6
13560,2240,6
13600,2080,6
13640,2080,6
13640,2120,6
13800,2160,6
13800,2200,6
13800,2240,6
13840,2160,6
13800,2080,6
13880,2200,6
13920,2240,6
13920,2200,6
13920,2160,6
13920,2120,6
13920,2080,6
14640,2320,1
14440,2320,1
15240,2360,1
15440,2320,1
15640,2320,1
15920,2320,1
16000,2280,16
15960,2320,16
15880,2320,16
15920,2280,16
15480,2320,16
15400,2320,16
15440,2280,16
14680,2320,16
14640,2280,16
14440,2280,16
14360,2320,16
14320,2280,16
14280,2320,16
16720,1600,1
16720,1680,1
16720,1640,1
16760,1680,1
16800,1680,1
16840,1680,1
16960,1680,1
17000,1680,1
17040,1680,1
17080,1680,1
17080,1640,1
17080,1600,1
16720,1560,1
16760,1560,1
16800,1560,1
16840,1560,1
16880,1560,1
16920,1560,1
16960,1560,1
17000,1560,1
17040,1560,1
17080,1560,1
16760,1640,3
16640,3080,1
16680,3080,1
16720,3080,1
16760,3080,1
16800,3080,1
16840,3080,1
16920,3080,1
16880,3080,1
16960,3080,1
17040,3080,1
17000,3080,1
17080,3080,1
17160,3080,1
17120,3080,1
16680,3120,1
16720,3120,1
16760,3120,1
16800,3120,1
16880,3120,1
16840,3120,1
16960,3120,1
16920,3120,1
17000,3120,1
17040,3120,1
17120,3120,1
17080,3120,1
16880,3160,1
16880,3200,1
16880,3240,1
16920,3160,1
16960,3160,1
16840,3160,1
16880,3280,1
16880,3360,1
16880,3320,1
16920,3200,1
16920,3240,1
16920,3360,1
16920,3320,1
16880,3400,1
16920,3440,1
16920,3480,1
16920,3520,1
16920,3600,1
16920,3560,1
16880,3440,1
16880,3480,1
16880,3560,1
16880,3600,1
16880,3640,1
16880,3680,1
16880,2920,8
16880,2960,8
16920,2960,8
16920,2920,8
16800,2760,1
17000,2760,1
16800,2560,1
17000,2560,1
16800,2360,1
17000,2360,1
16800,2720,5
17000,2720,5
17000,2520,5
16800,2520,5
16800,2320,5
17000,2320,5
16440,3080,1
16240,3080,1
17400,3080,1
17360,3080,1
17240,3080,1
17320,3080,1
16560,3080,1
16480,3080,1
17600,3080,1
17800,3080,1
17840,3080,1
17880,3080,1
17960,3080,1
18040,3080,1
18120,3080,1
18160,3080,1
18200,3080,1
18240,3080,1
18280,3080,1
18360,3080,1
18320,3080,1
17600,2960,6
18360,3120,1
18360,3160,1
18360,3240,1
18360,3200,1
18360,3280,1
18360,3320,1
18360,3400,1
18360,3360,1
18360,3440,1
18360,3480,1
18400,3480,1
18440,3480,1
18480,3480,1
18560,3480,1
18520,3480,1
18600,3480,1
18680,3480,1
18640,3480,1
18720,3480,1
18800,3480,1
18840,3480,1
18760,3480,1
18880,3480,1
18920,3480,1
19000,3480,1
18960,3480,1
18240,3040,16
18200,3040,16
18320,3040,16
18440,3440,16
18600,3440,16
18880,3440,16
18800,3440,16
18760,3440,16
18400,3440,9
18480,3440,9
18520,3440,9
18560,3440,9
18640,3440,9
18680,3440,9
18720,3440,9
18920,3440,9
19000,3440,9
18960,3440,9
18280,3040,9
18360,3040,9
18160,3040,9
18120,3040,9
18040,3040,9
18680,3400,3
19040,3480,1
19080,3480,1
19120,3480,1
19160,3480,1
19200,3480,1
19240,3480,1
19280,3480,1
19320,3480,1
19400,3480,1
19360,3480,1
19160,3240,1
19160,3160,5
19160,3080,5
19160,3120,5
19360,3160,5
19360,3120,5
19360,3080,5
19560,3160,5
19560,3120,5
19560,3080,5
19840,3440,1
18840,3440,1
19240,3440,1
20120,3480,1
20120,3440,1
20120,3400,1
20120,3360,1
20120,3320,1
20120,3280,1
20120,3240,1
20280,3240,1
20280,3320,1
20280,3280,1
20280,3360,1
20280,3440,1
20280,3400,1
20280,3480,1
20280,3560,1
20280,3520,1
20280,3600,1
20280,3640,1
20120,3880,1
20160,3880,1
20200,3880,1
20240,3880,1
20280,3880,1
20120,3520,1
20120,3560,1
20120,3600,1
20120,3640,1
20320,3480,1
20360,3480,1
20400,3480,1
20440,3480,1
20360,3440,16
20400,3440,16
20320,3440,8
20080,3440,8
20200,3840,8
20160,3440,5
20240,3440,5
20200,3400,5
20200,3560,5
20200,3520,5
20240,3480,5
20160,3480,5
20200,3360,5
20200,3480,5
20200,3440,5
20000,4080,1
20040,4080,1
20360,4080,1
20400,4080,1
20160,4280,1
20200,4280,1
20240,4280,1
20120,4800,1
20280,4800,1
20200,4200,5
20200,4160,5
20400,4000,5
20400,3960,5
20000,4000,5
20000,3960,5
20120,4720,5
20120,4680,5
20280,4680,5
20280,4720,5
20200,4120,6
20080,5080,0
20120,5080,0
20280,5080,0
20320,5080,0
20360,5080,0
20040,5080,0
20120,5320,0
20160,5320,0
20200,5320,0
20240,5320,0
20280,5320,0
20040,5120,0
20040,5160,0
20040,5200,0
20040,5240,0
20040,5280,0
20040,5320,0
20360,5120,0
20360,5160,0
20360,5200,0
20360,5240,0
20360,5280,0
20120,5200,7
20280,5200,7
20160,5200,7
20240,5200,7
20040,5360,0
20040,5400,0
20040,5440,0
20040,5480,0
20040,5520,0
20040,5560,0
20080,5560,0
20160,5560,0
20120,5560,0
20200,5560,0
20240,5560,0
20280,5560,0
20360,5560,0
20320,5560,0
20400,5560,0
20360,5360,0
20360,5320,0
20360,5400,0
20360,5440,0
20400,5440,0
20440,5440,0
20480,5440,0
20520,5440,0
20560,5440,0
20640,5440,0
20600,5440,0
20680,5440,0
20680,5480,0
20680,5520,0
20680,5560,0
20680,5600,0
20680,5640,0
20480,5560,0
20440,5560,0
20480,5600,0
20520,5600,0
20560,5600,0
20560,5640,0
20560,5680,0
20560,5720,0
20560,6000,0
20560,6080,0
20560,6040,0
20680,5840,0
20680,5880,0
20640,6080,0
20720,6080,0
20680,6080,0
20760,6080,0
20800,6080,0
20920,6080,0
20880,6080,0
20840,6080,0
20960,6080,0
21000,6080,0
21040,6080,0
21080,6080,0
21120,6080,0
21160,6080,0
20560,5800,0
20560,5880,0
20560,5920,0
20680,5720,0
20680,5760,0
20080,5520,8
21160,6040,0
20560,5760,0
20560,5840,0
20560,5960,0
20680,5800,0
20680,5680,0
20680,6000,0
20760,6000,0
20760,5880,0
20760,5840,0
20840,5840,0
20800,5840,0
20880,5840,0
20920,5840,0
20960,5840,0
20960,5880,0
20960,5920,0
20960,5960,0
21000,6000,0
20960,6000,0
21040,6000,0
21080,5960,0
20840,6040,9
20880,6040,9
21080,5920,0
21080,5880,0
21120,5880,0
21240,5880,0
21200,5880,0
21160,5880,0
21280,5880,0
21280,5920,0
21280,5960,0
21280,6040,0
21280,6000,0
21280,6080,0
21280,6120,0
21280,6160,0
21280,6200,0
20960,6200,0
20880,6120,0
20880,6160,0
20880,6200,0
21000,6240,0
21040,6240,0
21080,6240,0
21120,6240,0
21200,6240,0
21160,6240,0
21240,6240,0
20960,6240,0
21280,6240,0
21160,6200,10
21240,6080,6
21200,6040,6
20880,6360,0
20880,6320,0
20880,6400,0
20920,6400,0
20960,6440,0
21000,6520,0
21000,6560,0
21000,6600,0
21040,6280,0
21080,6320,0
21080,6360,0
21120,6400,0
21040,6600,0
21080,6600,0
21160,6640,0
21240,6640,0
21120,6640,0
21080,6640,0
21200,6640,0
21280,6640,0
21320,6640,0
21360,6640,0
21400,6640,0
21440,6640,0
21480,6640,0
21480,6600,0
13240,2280,1
13280,2320,1
13240,2320,1
14120,2280,1
14080,2320,1
14120,2320,1
13800,2120,6
14680,2160,6
15400,2200,6
15400,1720,6
15680,1720,6
15000,1640,6
15880,2160,6
13200,2320,16
13160,2320,16
13280,2280,16
13320,2320,16
13760,2280,16
13720,2320,16
14080,2280,16
14120,2240,16
14160,2320,16
14040,2320,16
13960,2320,16
13880,2320,16
13600,2320,16
13480,2320,16
13360,2320,16
13080,2320,16
22440,6800,0
23560,6360,0
23600,6320,0
23560,6400,0
23920,6160,13
23920,6120,13
23920,6200,13
23920,6240,13
23960,6320,0
24000,6360,0
24040,6440,0
24040,6400,0
24040,6480,0
24400,6160,13
24400,6120,6
24160,6320,6
7360,1960,8
7400,1960,8
7400,1920,8
7360,1920,8
5200,5320,0
5080,5560,0
5120,5560,0
5160,5560,0
7920,5160,10
9000,4760,0
9040,4760,0
9080,4760,0
9160,4760,0
9120,4760,0
9000,4720,0
9160,4720,0
9080,4800,0
9080,4840,0
9080,4880,0
9080,4920,0
9080,5000,0
9080,4960,0
9080,5040,0
9080,5120,0
9080,5080,0
9080,5200,0
9080,5160,0
9080,5240,0
9080,5280,0
9080,5320,0
9080,5360,0
9080,5400,0
9440,4680,0
9440,4720,0
9440,4800,0
9440,4760,0
9440,4840,0
9440,4920,0
9440,4880,0
9440,5040,0
9440,4960,0
9440,5000,0
9440,5080,0
9440,5120,0
9440,5160,0
9440,5200,0
9440,5240,0
9440,5320,0
9440,5280,0
9440,5360,0
9440,5440,0
9440,5400,0
9400,4680,0
9360,4680,0
9360,4640,0
9480,4680,0
9520,4680,0
9520,4640,0
9760,4680,0
9760,4720,0
9800,4720,0
9840,4720,0
9920,4720,0
9880,4720,0
10000,4720,0
9960,4720,0
10040,4720,0
10080,4720,0
10120,4720,0
10120,4680,0
5320,5120,2
