8880,5720,19
8840,5720,19
8800,5720,19
8720,5720,19
8680,5720,19
8640,5720,19
8600,5720,19
8560,5720,19
8520,5720,19
8480,5720,19
8440,5720,19
8400,5720,19
8360,5440,2
8360,5560,6
8760,5720,19
5280,5560,0
5320,5560,0
5360,5560,0
5400,5560,0
5480,5560,0
5440,5560,0
5520,5560,0
5560,5560,0
5600,5560,0
5400,5600,0
5440,5600,0
5480,5600,0
5440,5640,0
5440,5680,0
5440,5720,0
5440,5760,0
5440,5800,0
5440,5840,0
5600,5280,17
5640,5280,17
5680,5280,17
5200,5160,17
5160,5160,17
6040,5560,1
6000,5560,1
6080,5560,1
6120,5560,1
6160,5560,1
6200,5560,1
6240,5560,1
6280,5560,1
6320,5560,1
6160,5600,1
6160,5640,1
6160,5680,1
6160,5720,1
6160,5760,1
6160,5800,1
6160,5840,1
6160,5880,1
5280,5400,0
5320,5400,0
5360,5400,0
5400,5400,0
5440,5400,0
5480,5400,0
5520,5400,0
5560,5400,0
5600,5400,0
5400,5360,0
5440,5360,0
5480,5360,0
5440,5320,0
5440,5280,0
5440,5240,0
5440,5200,0
5440,5160,0
5440,5120,0
5440,5080,0
5440,5040,0
5440,5000,0
5440,4920,0
5360,4960,17
5400,4960,17
5320,4960,17
5520,5080,17
5560,5080,17
5240,5760,17
5280,5760,17
5320,5760,17
5680,5720,17
5720,5720,17
5760,5720,17
5080,5520,17
5040,5520,17
5000,5520,17
5760,5520,17
5800,5520,17
5840,5520,17
6160,5520,8
6120,5520,8
6080,5520,8
6040,5520,8
6200,5520,8
6240,5520,8
6280,5520,8
6160,5280,1
6640,5520,17
6680,5520,17
6480,5560,17
6440,5560,17
6840,5560,17
6880,5560,17
6920,5560,17
6960,5560,17
7000,5480,17
7040,5480,17
7080,5480,17
6680,5240,17
6720,5240,17
6760,5240,17
7080,5720,17
7120,5720,17
7160,5720,17
6760,5720,17
6800,5720,17
6840,5720,17
7320,5440,17
7360,5440,17
7400,5440,17
7480,5560,17
7520,5560,17
7560,5560,17
7760,5640,17
7800,5640,17
7840,5640,17
7960,5440,17
7920,5440,17
8000,5440,17
8040,5440,17
8000,5480,17
8080,5680,17
8120,5680,17
7960,5760,17
7920,5760,17
7880,5760,17
7880,5720,17
7840,5760,17
7760,5480,7
7680,5480,7
7640,5640,17
7680,5640,17
7720,5640,17
7600,5640,17
7800,5280,17
7760,5280,17
7720,5280,17
8120,5560,17
7480,5760,17
7520,5760,17
7360,5200,17
7440,5200,17
7400,5200,17
8360,5720,0
8360,5760,0
8400,5760,0
8480,5760,0
8520,5760,0
8440,5760,0
8560,5760,0
8600,5760,0
8640,5760,0
8680,5760,0
8720,5760,0
8760,5760,0
8800,5760,0
8840,5760,0
8880,5760,0
8920,5760,0
8920,5720,0
8360,5800,0
8360,5840,0
8360,5880,0
8360,5920,0
8320,5760,0
8920,5800,0
8920,5840,0
8920,5880,0
8920,5920,0
8960,5760,0
8920,5960,0
8920,6000,0
8360,5960,0
8360,6000,0
8440,5280,0
8320,5280,0
8400,5280,0
