7280,5120,17
7280,5040,17
5680,5760,17
5640,5760,17
5600,5760,17
6200,5760,10
5680,5640,5
5520,5520,6
5800,5760,17
5760,5760,17
5720,5760,17
5320,5400,4
6000,6040,0
5960,6040,0
5920,6040,0
5880,6040,0
5840,6040,0
5800,6040,0
5720,6040,0
5680,6040,0
5760,6040,0
5640,6040,0
5600,6040,0
5560,6040,0
6040,6160,0
6040,6200,0
6040,6120,0
6040,6080,0
6040,6040,0
6040,6000,0
6040,5960,0
6040,5920,0
6040,5880,0
6040,5840,0
6040,5800,0
6040,5760,0
6040,5720,0
6040,5680,0
6080,5640,0
6040,5640,0
6000,5640,0
5480,6160,0
5480,6120,0
5520,6080,0
5480,6080,0
5480,6040,0
5520,6040,0
5520,6000,0
5480,6000,0
5520,5960,0
5480,5920,0
5480,5960,0
5480,5880,0
5520,5800,0
5480,5840,0
5480,5800,0
5520,5760,0
5480,5760,0
5520,5720,0
5480,5720,0
5520,5680,0
5440,5680,0
5480,5680,0
5400,5680,0
5360,5680,0
5320,5680,0
5320,5640,0
6120,5600,0
6080,5600,0
6040,5600,0
6000,5600,0
5960,5600,0
5320,5600,0
5240,5560,0
5280,5560,0
5320,5560,0
5360,5560,0
5400,5560,0
5560,6000,9
5600,6000,9
5640,6000,9
5680,6000,9
5720,6000,9
5800,6000,9
5840,6000,9
5760,6000,9
5880,6000,9
5920,6000,9
5960,6000,9
6000,6000,9
5920,5600,0
6160,5600,0
5440,5800,0
5440,5760,0
5440,5840,0
5440,5880,0
5440,5920,0
5440,5960,0
5440,6000,0
6080,5800,0
6120,5800,0
6160,5800,0
6200,5800,0
6240,5800,0
6320,5800,0
6280,5800,0
6360,5800,0
6360,5760,0
6360,5720,0
6320,5720,0
6400,5720,0
7000,6080,0
7000,6040,0
7000,6000,0
7000,5960,0
7000,5920,0
7000,5880,0
7000,5840,0
7000,5800,0
7000,5760,0
7000,5720,0
6960,5720,0
6920,5720,0
6880,5720,0
6880,5680,0
6880,5640,0
6840,5640,0
6920,5640,0
7000,6200,0
7000,6120,0
7000,6160,0
7000,6240,0
7000,6280,0
7000,6320,0
7000,6360,0
6040,6240,0
6040,6280,0
6040,6320,0
6040,6360,0
6600,5640,17
6640,5640,17
6680,5640,17
6560,5640,17
7000,5480,17
7040,5480,17
7080,5480,17
7120,5480,17
6880,5560,5
6600,5600,5
6640,5600,5
6360,5640,5
6040,5440,6
7200,5320,17
7240,5320,17
7280,5320,17
7360,5520,17
7400,5520,17
7440,5520,17
6680,5760,17
6720,5760,17
7240,5160,2
7080,5400,5
7120,5280,5
5480,5600,5
5360,5480,5
7000,6400,0
7000,6440,0
7000,6480,0
7000,6520,0
7000,6560,0
7000,6600,0
6040,6400,0
6040,6440,0
6040,6480,0
6040,6520,0
6960,6200,0
6920,6200,0
6880,6200,0
6840,6200,0
6800,6200,0
6720,6200,0
6680,6200,0
6640,6200,0
6600,6200,0
6520,6200,0
6560,6200,0
6760,6200,0
6520,6160,9
6560,6160,9
6600,6160,9
6640,6160,9
6680,6160,9
6720,6160,9
6760,6160,9
6800,6160,9
6840,6160,9
6880,6160,9
6920,6160,9
6960,6160,9
6040,5520,5
